1 1 -1-1 2023 4 14 20 55 31 NongfuSpring 1 1 2 24 50.00 380 3 72 147.00 19237 0.98
2 1 -1-1 2023 4 14 20 55 34 NongfuSpring 1 1 3 6 75.00 550 4 24 294.00 19237 0.98
3 1 -1-1 2023 4 14 20 55 40 NongfuSpring 1 2 5 12 60.00 380 6 72 352.80 19237 0.98
4 1 -1-1 2023 4 14 20 55 43 NongfuSpring 1 2 6 12 60.00 550 1 12 58.80 19237 0.98
5 1 -1-1 2023 4 14 20 55 47 NongfuSpring 1 2 7 24 100.00 550 1 24 98.00 19237 0.98
6 1 -1-1 2023 4 14 21 0 49 NongfuSpring 1 1 1 12 50.00 380 20 240 980.00 40749 0.98
7 1 -1-1 2023 4 14 21 0 53 NongfuSpring 1 1 2 24 50.00 380 10 240 490.00 40749 0.98
8 1 -1 -1 2023 4 14 22 22 36 Kangshifu 6 1 2 24 150.00 550 24 10 1500.00 40749 0.98
9 1 -1 -1 2023 4 14 22 28 4 Qingdaobeer 3 1 2 12 80.00 330 12 20 1600.00 40749 0.98
10 1 -1 -1 2023 4 14 22 28 36 NongfuSpring 1 1 2 24 50.00 380 24 10 500.00 40749 0.98
11 1 -1 -1 2023 4 14 22 56 3 Kangshifu 6 1 2 24 150.00 550 24 10 1500.00 40749 0.98
12 1 -1 -1 2023 4 15 17 3 22 NongfuSpring 1 1 1 12 50.00 380 10 120 490.00 40749 0.98
13 1 -1 -1 2023 4 15 17 7 56 Huiyuan 2 1 1 6 60.00 380 100 600 5880.00 40749 0.98
14 1 -1 -1 2023 4 15 17 9 29 Huiyuan 2 1 1 6 60.00 380 100 600 5880.00 40749 0.98
15 1 -1 -1 2023 4 15 17 12 22 Qingdaobeer 3 1 1 12 100.00 550 80 960 7840.00 40749 0.98
16 0 -1 -1 2023 4 15 17 13 3 NongfuSpring 1 1 1 12 50.00 380 50 600 2250.00 40749 0.90
17 0 -1 -1 2023 4 15 17 13 45 Huiyuan 2 1 1 6 60.00 380 1 6 54.00 40749 0.90
18 0 -1 -1 2023 4 15 17 17 37 Qingdaobeer 3 1 1 12 100.00 550 80 960 7200.00 40749 0.90
19 0 -1 -1 2023 4 15 21 25 41 NongfuSpring 1 1 4 12 140.00 550 10 120 1260.00 29077 0.90
20 0 -1 -1 2023 4 15 22 57 1 Qingdaobeer 3 1 2 12 80.00 330 10 120 720.00 29077 0.90
21 1 -1 -1 2023 4 15 22 57 30 Qingdaobeer 3 1 1 12 100.00 550 1 12 90.00 29077 0.90
22 0 -1 -1 2023 4 15 23 4 47 Huiyuan 2 1 1 6 60.00 380 10 60 540.00 29077 0.90
23 0 -1 -1 2023 4 15 23 5 2 Huiyuan 2 1 1 6 60.00 380 100 600 5400.00 29077 0.90
24 0 -1 -1 2023 4 15 23 5 41 Huiyuan 2 1 1 6 60.00 380 1 6 54.00 29077 0.90
25 1 -1 -1 2023 4 15 23 6 7 Huiyuan 2 1 1 6 60.00 380 1 6 54.00 29077 0.90
26 0 -1 -1 2023 4 16 12 23 55 NongfuSpring 1 1 1 12 50.00 380 1 12 45.00 29077 0.90
