1    1    2    550  20   9.00      2023 7    31   
2    2    1    550  3    9.00      2023 7    31   
3    2    2    550  20   9.00      2023 7    31   
4    3    1    550  20   9.00      2023 7    31   
5    3    2    550  20   9.00      2023 7    31   
6    6    1    550  20   9.00      2023 7    31   
7    7    1    550  20   9.00      2023 7    31   
8    1    1    380  62   20.00     2023 12   31   
9    4    1    500  4    15.00     2023 12   31   
10   1    1    550  4    12.50     2023 12   31   
11   5    1    500  4    75.00     2023 12   31   
12   10   1    550  10   4.00      2023 12   31   
13   9    1    600  10   2.50      2023 12   31   
