NongFuSpring        1     12  30.00    380   11400  600  20230329
NongFuSpring        2     24  60.00    400   24800  600  20230401
NongFuSpring        3     36  90.00    550   49500  600  20230402
NongFuSpring        4     20  50.00    600   30000  600  20230403
NongFuSpring        5     30  80.00    380   30400  700  20230404
NongFuSpring        6     28  70.00    500   35000  800  20230405
NongFuSpring        7     18  40.00    650   26000  900  20230406
Huiyuan  	        1     12  50.00    300   15000  600  20230407
Huiyuan        	  2     24  90.00    380   34200  600  20230408
Huiyuan        	  3     6   25.00    550   13750  600  20230409
Huiyuan       	  4     36  75.00    600   45000  600  20230420
Huiyuan       	  5     18  36.00    400   14400  700  20230301
Huiyuan       	  6     20  40.00    500   20000  800  20230302
Huiyuan       	  7     16  32.00    700   22400  900  20230303
BeerQingdao         1     12  50.00    380   19000  600  20230304
BeerQingdao         2     24  90.00    400   36000  600  20230305
BeerQingdao         3     6   25.00    500   12500  600  20230306
BeerQingdao         4     18  75.00    600   45000  600  20230307
Wahaha              1     24  50.00    300   15000  700  20230308
Wahaha              2     12  25.00    500   12500  800  20230309
Wahaha              3     16  36.00    700   25200  900  20230310
Wuliangye           1     12  30.00    380   11400  600  20230311
Wuliangye           2     24  60.00    400   24800  600  20230312
Wuliangye           3     16  40.00    500   20000  600  20230313
Kangshifu           1     12  50.00    500   25000  600  20230314
Kangshifu           2     24  90.00    600   54000  700  20230315
Kangshifu           3     18  70.00    400   28000  800  20230316
Kangshifu           4     16  60.00    300   18000  900  20230317
end
