农夫山泉         1      12   30.00    1000   99735   600   20230329
农夫山泉         2      24   60.00    400    150522  600   20230401
dayao                1      12   48.00    10     31735   550   20230420
dayao                1      12   48.00    10     29384   550   20230420
cola                 1      12   30.00    10     23785   600   20230420
NongFuSpring         1      12   50.00    10     16417   380   20230420
xicha                1      12   120.00    10     16005   380   20230420
cola                 1      12   30.00    10     13101   600   20230420
NongFuSpring         1      12   50.00    10     9685    380   20230420
NongFuSpring         1      12   50.00    10     4843    380   20230420
NongFuSpring         1      12   50.00    50     4822    380   20230420
end
