1    1    1    550  20   2.00      2023 7    31   
2    1    2    550  20   3.00      2023 7    31   
3    1    2    550  20   9.00      2023 7    31   
4    1    2    550  20   9.00      2023 7    31   
5    2    1    550  20   9.00      2023 7    31   
6    2    2    550  20   9.00      2023 7    31   
7    3    1    550  20   10.00     2023 7    31   
8    3    2    550  20   10.00     2023 7    31   
9    4    1    550  20   50.00     2023 7    31   
10   5    1    550  20   100.00    2023 7    31   
11   6    1    550  20   10.00     2023 7    31   
12   7    1    550  20   9.00      2023 7    31   
