NongfuSpring        1        1        1        380      30       2        50.00          2023     4        31       1    
NongfuSpring        1        1        2        380      60       24       50.00          2023     5        31       1    
NongfuSpring        1        1        3        550      60       6        75.00          2023     12       31       0    
NongfuSpring        1        1        4        550      50       12       140.00         2023     12       31       0    
NongfuSpring        1        2        5        380      50       12       60.00          2023     12       31       0    
NongfuSpring        1        2        6        550      50       12       60.00          2023     12       31       0    
NongfuSpring        1        2        7        550      50       24       100.00         2023     12       31       0    
Huiyuan             2        1        1        380      100      6        60.00          2023     12       31       0    
Huiyuan             2        1        2        380      100      12       70.00          2023     12       31       0    
Huiyuan             2        2        3        380      50       6        60.00          2023     12       31       0    
Huiyuan             2        2        4        380      50       6        60.00          2023     12       31       0    
Qingdaobeer         3        1        1        550      80       12       100.00         2023     12       31       0    
Qingdaobeer         3        1        2        330      80       12       80.00          2023     5        31       1    
Qingdaobeer         3        2        3        330      80       12       130.00         2023     12       31       0    
Shede               4        1        1        500      25       6        300.00         2023     12       31       0    
Shede               4        2        2        500      25       6        300.00         2023     12       31       0    
Wuningye            5        1        1        500      50       6        450.00         2023     12       31       0    
Wuningye            5        2        2        500      50       6        550.00         2023     12       31       0    
Wuningye            5        3        3        500      50       6        650.00         2023     12       31       0    
Kangshifu           6        1        1        550      120      12       80.00          2023     12       31       0    
Kangshifu           6        1        2        550      120      24       150.00         2023     5        31       1    
Kangshifu           6        2        3        550      120      12       80.00          2023     12       31       0    
Kangshifu           6        3        4        550      120      12       80.00          2023     12       31       0    
Wahaha              7        1        1        550      50       12       100.00         2023     12       31       0    
Wahaha              7        2        2        550      75       12       120.00         2023     12       31       0    
dayao               10       1        1        550      38       12       72.00          2023     12       31       0    
Kangshifu           6        1        5        550      12       9        120.00         2023     12       31       0    
dayao               10       1        2        550      12       29       72.00          2023     12       31       0    
cola                9        1        1        600      12       9        45.00          2023     12       31       0    
NongFuSpring        1        1        8        380      10       12       75.00          2023     12       31       0    
xicha               8        1        1        380      12       10       180.00         2023     12       31       0    
cola                9        1        2        600      9        12       45.00          2023     12       31       0    
